Year,Production,Share BOF MC,Share BOF CC,Share EOF
2005,31.61,0.71,0.10,0.19
2006,30.90,0.69,0.10,0.21
2007,33.80,0.69,0.10,0.22
2008,33.72,0.68,0.10,0.22
2009,26.51,0.68,0.10,0.22
2010,32.95,0.68,0.10,0.22
2011,35.22,0.66,0.11,0.23
2012,34.52,0.72,0.10,0.18
2013,34.20,0.70,0.10,0.20
2014,33.90,0.73,0.10,0.17
2015,33.30,0.76,0.10,0.14
2016,31.64,0.76,0.10,0.14
2017,34.79,0.76,0.10,0.14
2018,35.41,0.76,0.10,0.14
2019,32.46,0.76,0.10,0.14
